  0.0000000E+00  7.9000004E-02
   10.00000      7.9000004E-02
   20.00000      7.9000004E-02
   30.00000      7.9000004E-02
   40.00000      7.9000004E-02
   50.00000      7.9000004E-02
   60.00000      7.9000004E-02
   70.00000      7.9000004E-02
   80.00000      7.9000004E-02
   90.00000      7.9000004E-02
   100.0000      7.9000004E-02
   110.0000      7.9000004E-02
   120.0000      7.9000004E-02
   130.0000      7.9000004E-02
   140.0000      7.9000004E-02
   150.0000      7.9000004E-02
   160.0000      7.9000004E-02
   170.0000      7.9000004E-02
   180.0000      7.9000004E-02
   190.0000      7.9000004E-02
   200.0000      7.9000004E-02
   210.0000      7.9000004E-02
   220.0000      7.9000004E-02
   230.0000      7.9000004E-02
   240.0000      7.9000004E-02
   250.0000      7.9000004E-02
   260.0000      7.9000004E-02
   270.0000      7.9000004E-02
   280.0000      7.9000004E-02
   290.0000      7.9000004E-02
   300.0000      7.9000004E-02
   310.0000      7.9000004E-02
   320.0000      7.9000004E-02
   330.0000      7.9000004E-02
   340.0000      7.9000004E-02
   350.0000      7.9000004E-02
   360.0000      7.9000004E-02
   370.0000      7.9000004E-02
   380.0000      7.9000004E-02
   390.0000      7.9000004E-02
   400.0000      7.9000004E-02
   410.0000      7.9000004E-02
   420.0000      7.9000004E-02
   430.0000      7.9000004E-02
   440.0000      7.9000004E-02
   450.0000      7.9000004E-02
   460.0000      7.9000004E-02
   470.0000      7.9000004E-02
   480.0000      7.9000004E-02
   490.0000      7.9000004E-02
   500.0000      7.9000004E-02
   510.0000      7.9000004E-02
   520.0000      7.9000004E-02
   530.0000      7.9000004E-02
   540.0000      7.9000004E-02
   550.0000      7.9000004E-02
   560.0000      7.9000004E-02
   570.0000      7.9000004E-02
   580.0000      7.9000004E-02
   590.0000      7.9000004E-02
   600.0000      7.9000004E-02
   610.0000      7.9000004E-02
   620.0000      7.9000004E-02
   630.0000      7.9000004E-02
   640.0000      7.9000004E-02
   650.0000      7.9000004E-02
   660.0000      7.9000004E-02
   670.0000      7.9000004E-02
   680.0000      7.9000004E-02
   690.0000      7.9000004E-02
   700.0000      7.9000004E-02
   710.0000      7.9000004E-02
   720.0000      7.9000004E-02
   730.0000      7.9000004E-02
   740.0000      7.9000004E-02
   750.0000      7.9000004E-02
   760.0000      7.9000004E-02
   770.0000      7.9000004E-02
   780.0000      7.9000004E-02
   790.0000      7.9000004E-02
   800.0000      7.9000004E-02
   810.0000      7.9000004E-02
   820.0000      7.9000004E-02
   830.0000      7.9000004E-02
   840.0000      7.9000004E-02
   850.0000      7.9000004E-02
   860.0000      7.9000004E-02
   870.0000      7.9000004E-02
   880.0000      7.9000004E-02
   890.0000      7.9000004E-02
   900.0000      7.9000004E-02
   910.0000      7.9000004E-02
   920.0000      7.9000004E-02
   930.0000      7.9000004E-02
   940.0000      7.9000004E-02
   950.0000      7.9000004E-02
   960.0000      7.9000004E-02
   970.0000      7.9000004E-02
   980.0000      7.9000004E-02
   990.0000      7.9000004E-02
   1000.000      7.9000004E-02
   1010.000      7.9000004E-02
   1020.000      7.9000004E-02
   1030.000      7.9000004E-02
   1040.000      7.9000004E-02
   1050.000      7.9000004E-02
   1060.000      7.9000004E-02
   1070.000      7.9000004E-02
   1080.000      7.9000004E-02
   1090.000      7.9000004E-02
   1100.000      7.9000004E-02
   1110.000      7.9000004E-02
   1120.000      7.9000004E-02
   1130.000      7.9000004E-02
   1140.000      7.9000004E-02
   1150.000      7.9000004E-02
   1160.000      7.9000004E-02
   1170.000      7.9000004E-02
   1180.000      7.9000004E-02
   1190.000      7.9000004E-02
   1200.000      7.9000004E-02
   1210.000      7.9000004E-02
   1220.000      7.9000004E-02
   1230.000      7.9000004E-02
   1240.000      7.9000004E-02
   1250.000      7.9000004E-02
   1260.000      7.9000004E-02
   1270.000      7.9000004E-02
   1280.000      7.9000004E-02
   1290.000      7.9000004E-02
   1300.000      7.9000004E-02
   1310.000      7.9000004E-02
   1320.000      7.9000004E-02
   1330.000      7.9000004E-02
   1340.000      7.9000004E-02
   1350.000      7.9000004E-02
   1360.000      7.9000004E-02
   1370.000      7.9000004E-02
   1380.000      7.9000004E-02
   1390.000      7.9000004E-02
   1400.000      7.9000004E-02
   1410.000      7.9000004E-02
   1420.000      7.9000004E-02
   1430.000      7.9000004E-02
   1440.000      7.9000004E-02
   1450.000      7.9000004E-02
   1460.000      7.9000004E-02
   1470.000      7.9000004E-02
   1480.000      7.9000004E-02
   1490.000      7.9000004E-02
   1500.000      7.9000004E-02
   1510.000      7.9000004E-02
   1520.000      7.9000004E-02
   1530.000      7.9000004E-02
   1540.000      7.9000004E-02
   1550.000      7.9000004E-02
   1560.000      7.9000004E-02
   1570.000      7.9000004E-02
   1580.000      7.9000004E-02
   1590.000      7.9000004E-02
   1600.000      7.9000004E-02
   1610.000      7.9000004E-02
   1620.000      7.9000004E-02
   1630.000      7.9000004E-02
   1640.000      7.9000004E-02
   1650.000      7.9000004E-02
   1660.000      7.9000004E-02
   1670.000      7.9000004E-02
   1680.000      7.9000004E-02
   1690.000      7.9000004E-02
   1700.000      7.9000004E-02
   1710.000      7.9000004E-02
   1720.000      7.9000004E-02
   1730.000      7.9000004E-02
   1740.000      7.9000004E-02
   1750.000      7.9000004E-02
   1760.000      7.9000004E-02
   1770.000      7.9000004E-02
   1780.000      7.9000004E-02
   1790.000      7.9000004E-02
   1800.000      7.9000004E-02
   1810.000      7.9000004E-02
   1820.000      7.9000004E-02
   1830.000      7.9000004E-02
   1840.000      7.9000004E-02
   1850.000      7.9000004E-02
   1860.000      7.9000004E-02
   1870.000      7.9000004E-02
   1880.000      7.9000004E-02
   1890.000      7.9000004E-02
   1900.000      7.9000004E-02
   1910.000      7.9000004E-02
   1920.000      7.9000004E-02
   1930.000      7.9000004E-02
   1940.000      7.9000004E-02
   1950.000      7.9000004E-02
   1960.000      7.9000004E-02
   1970.000      7.9000004E-02
   1980.000      7.9000004E-02
   1990.000      7.9000004E-02
   2000.000      7.9000004E-02
   2010.000      7.9000004E-02
   2020.000      7.9000004E-02
   2030.000      7.9000004E-02
   2040.000      7.9000004E-02
   2050.000      7.9000004E-02
   2060.000      7.9000004E-02
   2070.000      7.9000004E-02
   2080.000      7.9000004E-02
   2090.000      7.9000004E-02
   2100.000      7.9000004E-02
   2110.000      7.9000004E-02
   2120.000      7.9000004E-02
   2130.000      7.9000004E-02
   2140.000      7.9000004E-02
   2150.000      7.9000004E-02
   2160.000      7.9000004E-02
   2170.000      7.9000004E-02
   2180.000      7.9000004E-02
   2190.000      7.9000004E-02
   2200.000      7.9000004E-02
   2210.000      7.9000004E-02
   2220.000      7.9000004E-02
   2230.000      7.9000004E-02
   2240.000      7.9000004E-02
   2250.000      7.9000004E-02
   2260.000      7.9000004E-02
   2270.000      7.9000004E-02
   2280.000      7.9000004E-02
   2290.000      7.9000004E-02
   2300.000      7.9000004E-02
   2310.000      7.9000004E-02
   2320.000      7.9000004E-02
   2330.000      7.9000004E-02
   2340.000      7.9000004E-02
   2350.000      7.9000004E-02
   2360.000      7.9000004E-02
   2370.000      7.9000004E-02
   2380.000      7.9000004E-02
   2390.000      7.9000004E-02
   2400.000      7.9000004E-02
   2410.000      7.9000004E-02
   2420.000      7.9000004E-02
   2430.000      7.9000004E-02
   2440.000      7.9000004E-02
   2450.000      7.9000004E-02
   2460.000      7.9000004E-02
   2470.000      7.9000004E-02
   2480.000      7.9000004E-02
   2490.000      7.9000004E-02
   2500.000      7.9000004E-02
   2510.000      7.9000004E-02
   2520.000      7.9000004E-02
   2530.000      7.9000004E-02
   2540.000      7.9000004E-02
   2550.000      7.9000004E-02
   2560.000      7.9000004E-02
   2570.000      7.9000004E-02
   2580.000      7.9000004E-02
   2590.000      7.9000004E-02
   2600.000      7.9000004E-02
   2610.000      7.9000004E-02
   2620.000      7.9000004E-02
   2630.000      7.9000004E-02
   2640.000      7.9000004E-02
   2650.000      7.9000004E-02
   2660.000      7.9000004E-02
   2670.000      7.9000004E-02
   2680.000      7.9000004E-02
   2690.000      7.9000004E-02
   2700.000      7.9000004E-02
   2710.000      7.9000004E-02
   2720.000      7.9000004E-02
   2730.000      7.9000004E-02
   2740.000      7.9000004E-02
   2750.000      7.9000004E-02
   2760.000      7.9000004E-02
   2770.000      7.9000004E-02
   2780.000      7.9000004E-02
   2790.000      7.9000004E-02
   2800.000      7.9000004E-02
   2810.000      7.9000004E-02
   2820.000      7.9000004E-02
   2830.000      7.9000004E-02
   2840.000      7.9000004E-02
   2850.000      7.9000004E-02
   2860.000      7.9000004E-02
   2870.000      7.9000004E-02
   2880.000      7.9000004E-02
   2890.000      7.9000004E-02
   2900.000      7.9000004E-02
   2910.000      7.9000004E-02
   2920.000      7.9000004E-02
   2930.000      7.9000004E-02
   2940.000      7.9000004E-02
   2950.000      7.9000004E-02
   2960.000      7.9000004E-02
   2970.000      7.9000004E-02
   2980.000      7.9000004E-02
   2990.000      7.9000004E-02
   3000.000      7.9000004E-02
   3010.000      7.9000004E-02
   3020.000      7.9000004E-02
   3030.000      7.9000004E-02
   3040.000      7.9000004E-02
   3050.000      7.9000004E-02
   3060.000      7.9000004E-02
   3070.000      7.9000004E-02
   3080.000      7.9000004E-02
   3090.000      7.9000004E-02
   3100.000      7.9000004E-02
   3110.000      7.9000004E-02
   3120.000      7.9000004E-02
   3130.000      7.9000004E-02
   3140.000      7.9000004E-02
   3150.000      7.9000004E-02
   3160.000      7.9000004E-02
   3170.000      7.9000004E-02
   3180.000      7.9000004E-02
   3190.000      7.9000004E-02
   3200.000      7.9000004E-02
   3210.000      7.9000004E-02
   3220.000      7.9000004E-02
   3230.000      7.9000004E-02
   3240.000      7.9000004E-02
   3250.000      7.9000004E-02
   3260.000      7.9000004E-02
   3270.000      7.9000004E-02
   3280.000      7.9000004E-02
   3290.000      7.9000004E-02
   3300.000      7.9000004E-02
   3310.000      7.9000004E-02
   3320.000      7.9000004E-02
   3330.000      7.9000004E-02
   3340.000      7.9000004E-02
   3350.000      7.9000004E-02
   3360.000      7.9000004E-02
   3370.000      7.9000004E-02
   3380.000      7.9000004E-02
   3390.000      7.9000004E-02
   3400.000      7.9000004E-02
   3410.000      7.9000004E-02
   3420.000      7.9000004E-02
   3430.000      7.9000004E-02
   3440.000      7.9000004E-02
   3450.000      7.9000004E-02
   3460.000      7.9000004E-02
   3470.000      7.9000004E-02
   3480.000      7.9000004E-02
   3490.000      7.9000004E-02
   3500.000      7.9000004E-02
   3510.000      7.9000004E-02
   3520.000      7.9000004E-02
   3530.000      7.9000004E-02
   3540.000      7.9000004E-02
   3550.000      7.9000004E-02
   3560.000      7.9000004E-02
   3570.000      7.9000004E-02
   3580.000      7.9000004E-02
   3590.000      7.9000004E-02
   3600.000      7.9000004E-02
   3610.000      7.9000004E-02
   3620.000      7.9000004E-02
   3630.000      7.9000004E-02
   3640.000      7.9000004E-02
   3650.000      7.9000004E-02
   3660.000      7.9000004E-02
   3670.000      7.9000004E-02
   3680.000      7.9000004E-02
   3690.000      7.9000004E-02
   3700.000      7.9000004E-02
   3710.000      7.9000004E-02
   3720.000      7.9000004E-02
   3730.000      7.9000004E-02
   3740.000      7.9000004E-02
   3750.000      7.9000004E-02
   3760.000      7.9000004E-02
   3770.000      7.9000004E-02
   3780.000      7.9000004E-02
   3790.000      7.9000004E-02
   3800.000      7.9000004E-02
   3810.000      7.9000004E-02
   3820.000      7.9000004E-02
   3830.000      7.9000004E-02
   3840.000      7.9000004E-02
   3850.000      7.9000004E-02
   3860.000      7.9000004E-02
   3870.000      7.9000004E-02
   3880.000      7.9000004E-02
   3890.000      7.9000004E-02
   3900.000      7.9000004E-02
   3910.000      7.9000004E-02
   3920.000      7.9000004E-02
   3930.000      7.9000004E-02
   3940.000      7.9000004E-02
   3950.000      7.9000004E-02
   3960.000      7.9000004E-02
   3970.000      7.9000004E-02
   3980.000      7.9000004E-02
   3990.000      7.9000004E-02
   4000.000      7.9000004E-02
   4010.000      7.9000004E-02
   4020.000      7.9000004E-02
   4030.000      7.9000004E-02
   4040.000      7.9000004E-02
   4050.000      7.9000004E-02
   4060.000      7.9000004E-02
   4070.000      7.9000004E-02
   4080.000      7.9000004E-02
   4090.000      7.9000004E-02
   4100.000      7.9000004E-02
   4110.000      7.9000004E-02
   4120.000      7.9000004E-02
   4130.000      7.9000004E-02
   4140.000      7.9000004E-02
   4150.000      7.9000004E-02
   4160.000      7.9000004E-02
   4170.000      7.9000004E-02
   4180.000      7.9000004E-02
   4190.000      7.9000004E-02
   4200.000      7.9000004E-02
   4210.000      7.9000004E-02
   4220.000      7.9000004E-02
   4230.000      7.9000004E-02
   4240.000      7.9000004E-02
   4250.000      7.9000004E-02
   4260.000      7.9000004E-02
   4270.000      7.9000004E-02
   4280.000      7.9000004E-02
   4290.000      7.9000004E-02
   4300.000      7.9000004E-02
   4310.000      7.9000004E-02
   4320.000      7.9000004E-02
   4330.000      7.9000004E-02
   4340.000      7.9000004E-02
   4350.000      7.9000004E-02
   4360.000      7.9000004E-02
   4370.000      7.9000004E-02
   4380.000      7.9000004E-02
   4390.000      7.9000004E-02
   4400.000      7.9000004E-02
   4410.000      7.9000004E-02
   4420.000      7.9000004E-02
   4430.000      7.9000004E-02
   4440.000      7.9000004E-02
   4450.000      7.9000004E-02
   4460.000      7.9000004E-02
   4470.000      7.9000004E-02
   4480.000      7.9000004E-02
   4490.000      7.9000004E-02
   4500.000      7.9000004E-02
   4510.000      7.9000004E-02
   4520.000      7.9000004E-02
   4530.000      7.9000004E-02
   4540.000      7.9000004E-02
   4550.000      7.9000004E-02
   4560.000      7.9000004E-02
   4570.000      7.9000004E-02
   4580.000      7.9000004E-02
   4590.000      7.9000004E-02
   4600.000      7.9000004E-02
   4610.000      7.9000004E-02
   4620.000      7.9000004E-02
   4630.000      7.9000004E-02
   4640.000      7.9000004E-02
   4650.000      7.9000004E-02
   4660.000      7.9000004E-02
   4670.000      7.9000004E-02
   4680.000      7.9000004E-02
   4690.000      7.9000004E-02
   4700.000      7.9000004E-02
   4710.000      7.9000004E-02
   4720.000      7.9000004E-02
   4730.000      7.9000004E-02
   4740.000      7.9000004E-02
   4750.000      7.9000004E-02
   4760.000      7.9000004E-02
   4770.000      7.9000004E-02
   4780.000      7.9000004E-02
   4790.000      7.9000004E-02
   4800.000      7.9000004E-02
   4810.000      7.9000004E-02
   4820.000      7.9000004E-02
   4830.000      7.9000004E-02
   4840.000      7.9000004E-02
   4850.000      7.9000004E-02
   4860.000      7.9000004E-02
   4870.000      7.9000004E-02
   4880.000      7.9000004E-02
   4890.000      7.9000004E-02
   4900.000      7.9000004E-02
   4910.000      7.9000004E-02
   4920.000      7.9000004E-02
   4930.000      7.9000004E-02
   4940.000      7.9000004E-02
   4950.000      7.9000004E-02
   4960.000      7.9000004E-02
   4970.000      7.9000004E-02
   4980.000      7.9000004E-02
   4990.000      7.9000004E-02
   5000.000      7.9000004E-02
